data/seabird_load_infer_bug.cnv
* Sea-Bird SBE 9 Data File:
* FileName = D:\Data\ar29134.hex
* Software Version Seasave V 7.23.2
* Temperature SN = 4230
* Conductivity SN = 2148
* Number of Bytes Per Scan = 44
* Number of Voltage Words = 5
* Number of Scans Averaged by the Deck Unit = 1
* NMEA Latitude = 40 12.35 N
* NMEA Longitude = 070 49.73 W
* NMEA UTC (Time) = Apr 27 2018  01:06:29
** Cruise ID: ar29
** Chief Sci: D. McGillicuddy
** Station ID: A9
# nquan = 20
# nvalues = 119                         
# units = specified
# name 0 = prDM: Pressure, Digiquartz [db]
# name 1 = t090C: Temperature [ITS-90, deg C]
# name 2 = t190C: Temperature, 2 [ITS-90, deg C]
# name 3 = c0S/m: Conductivity [S/m]
# name 4 = c1S/m: Conductivity, 2 [S/m]
# name 5 = sbeox0V: Oxygen raw, SBE 43 [V]
# name 6 = flECO-AFL: Fluorescence, WET Labs ECO-AFL/FL [mg/m^3]
# name 7 = turbWETntu0: Turbidity, WET Labs ECO [NTU]
# name 8 = sal00: Salinity, Practical [PSU]
# name 9 = spar: SPAR, Biospherical/Licor
# name 10 = par: PAR/Irradiance, Biospherical/Licor
# name 11 = cpar: CPAR/Corrected Irradiance [%]
# name 12 = depSM: Depth [salt water, m], lat = 40.2058
# name 13 = sal00: Salinity, Practical [PSU]
# name 14 = sal11: Salinity, Practical, 2 [PSU]
# name 15 = sbeox0ML/L: Oxygen, SBE 43 [ml/l], WS = 2
# name 16 = svCM: Sound Velocity [Chen-Millero, m/s]
# name 17 = sigma-é00: Density [sigma-theta, kg/m^3]
# name 18 = sigma-é11: Density, 2 [sigma-theta, kg/m^3]
# name 19 = flag: flag
# span 0 =      3.000,    121.000       
# span 1 =     6.9189,    11.5985       
# span 2 =     6.9200,    11.6082       
# span 3 =   3.366928,   3.979186       
# span 4 =   3.367003,   3.980151       
# span 5 =     2.2393,     2.7372       
# span 6 =    -0.2710,     0.5451       
# span 7 =     0.4143,     0.8582       
# span 8 =    33.2274,    35.1173       
# span 9 = 0.0000e+00, 0.0000e+00       
# span 10 = -3.910e-03, 1.6557e+00      
# span 11 = 4.4499e-11, 7.4352e+01      
# span 12 =      2.977,    120.035      
# span 13 =    33.2275,    35.1268      
# span 14 =    33.2272,    35.1234      
# span 15 =     4.8397,     6.7834      
# span 16 =    1476.62,    1497.58      
# span 17 =    25.9051,    26.7711      
# span 18 =    25.9045,    26.7800      
# span 19 = 0.0000e+00, 0.0000e+00      
# interval = decibars: 1                
# start_time = Apr 27 2018 01:06:29 [NMEA time, header]
# bad_flag = -9.990e-29
*END*
[from data line 73]
     76.000     7.9422     7.9426   3.512854   3.513150     2.5297    -0.1423     0.5338    33.8535 -9.990e-29 1.0000e-12 -9.990e-29     75.402    33.8574    33.8601     6.1380    1482.09    26.3861    26.3882 0.0000e+00
     77.000     7.9837     7.9839   3.517944   3.518067     2.5253    -0.1593     0.5338    33.8665 -9.990e-29 1.0000e-12 -9.990e-29     76.394    33.8711    33.8723     6.1052    1482.28    26.3908    26.3917 0.0000e+00
     78.000     8.0046     8.0054   3.520597   3.520678     2.5199    -0.1594     0.5422    33.8739 -9.990e-29 1.0000e-12 -9.990e-29     77.386    33.8788    33.8790     6.0787    1482.38    26.3938    26.3938 0.0000e+00
     79.000     8.0250     8.0230   3.523128   3.522974     2.5102    -0.1455     0.5486    33.8813 -9.990e-29 1.0000e-12 -9.990e-29     78.378    33.8857    33.8859     6.0583    1482.49    26.3961    26.3967 0.0000e+00
     80.000     8.0193     8.0067   3.522741   3.521204     2.5046    -0.1371     0.5614    33.8843 -9.990e-29 1.0000e-12 -9.990e-29     79.370    33.8866    33.8824     6.0668    1482.48    26.3977    26.3963 0.0000e+00
     81.000     8.0830     8.0786   3.530631   3.530416     2.5007    -0.1203     0.5436    33.9051 -9.990e-29 1.0000e-12 -9.990e-29     80.362    33.9088    33.9107     6.0275    1482.77    26.4057    26.4079 0.0000e+00
     82.000     8.0995     8.1001   3.532995   3.533110     2.4960    -0.1540     0.5645    33.9137 -9.990e-29 1.0000e-12 -9.990e-29     81.354    33.9176    33.9183     6.0136    1482.86    26.4102    26.4106 0.0000e+00
     83.000     8.1300     8.1296   3.537189   3.537285     2.4929    -0.1704     0.5705    33.9280 -9.990e-29 1.0000e-12 -9.990e-29     82.346    33.9323    33.9338     5.9998    1483.01    26.4172    26.4184 0.0000e+00
     84.000     8.1582     8.1581   3.540699   3.540740     2.4879    -0.1700     0.5664    33.9375 -9.990e-29 1.0000e-12 -9.990e-29     83.338    33.9420    33.9426     5.9767    1483.14    26.4206    26.4211 0.0000e+00
     85.000     8.1353     8.1327   3.537964   3.537326     2.4837    -0.1582     0.5621    33.9323 -9.990e-29 1.0000e-12 -9.990e-29     84.330    33.9345    33.9302     5.9902    1483.06    26.4182    26.4152 0.0000e+00
     86.000     8.1876     8.1637   3.544401   3.541852     2.4826    -0.1594     0.5681    33.9491 -9.990e-29 1.0000e-12 -9.990e-29     85.322    33.9521    33.9480     5.9704    1483.30    26.4242    26.4246 0.0000e+00
     87.000     8.2035     8.2037   3.546509   3.546554     2.4797    -0.1788     0.5631    33.9554 -9.990e-29 1.0000e-12 -9.990e-29     86.314    33.9587    33.9590     5.9563    1483.38    26.4270    26.4272 0.0000e+00
     88.000     8.2165     8.2174   3.548191   3.548291     2.4770    -0.1622     0.5608    33.9602 -9.990e-29 1.0000e-12 -9.990e-29     87.305    33.9636    33.9637     5.9485    1483.45    26.4289    26.4289 0.0000e+00
     89.000     8.2274     8.2284   3.549647   3.549753     2.4747    -0.1413     0.5577    33.9646 -9.990e-29 1.0000e-12 -9.990e-29     88.297    33.9680    33.9682     5.9381    1483.51    26.4308    26.4307 0.0000e+00
     90.000     8.2484     8.2457   3.552212   3.551942     2.4706    -0.1580     0.5466    33.9715 -9.990e-29 1.0000e-12 -9.990e-29     89.289    33.9745    33.9743     5.9276    1483.62    26.4327    26.4329 0.0000e+00
     91.000     8.2179     8.2270   3.548353   3.549390     2.4724    -0.1594     0.5536    33.9606 -9.990e-29 1.0000e-12 -9.990e-29     90.281    33.9625    33.9647     5.9529    1483.50    26.4279    26.4283 0.0000e+00
     92.000     8.3142     8.3055   3.560709   3.560237     2.4696    -0.1594     0.5534    33.9968 -9.990e-29 1.0000e-12 -9.990e-29     91.273    34.0002    34.0036     5.9009    1483.93    26.4430    26.4470 0.0000e+00
     93.000     8.3790     8.3789   3.568241   3.568351     2.4625    -0.1765     0.5743    34.0118 -9.990e-29 1.0000e-12 -9.990e-29     92.265    34.0171    34.0184     5.8505    1484.21    26.4464    26.4475 0.0000e+00
     94.000     8.4082     8.4069   3.571809   3.571700     2.4534    -0.1789     0.5747    34.0208 -9.990e-29 1.0000e-12 -9.990e-29     93.257    34.0262    34.0263     5.8146    1484.35    26.4492    26.4494 0.0000e+00
     95.000     8.4158     8.4160   3.572794   3.572860     2.4424    -0.1649     0.5878    34.0242 -9.990e-29 1.0000e-12 -9.990e-29     94.249    34.0288    34.0293     5.7929    1484.40    26.4501    26.4504 0.0000e+00
     96.000     8.3525     8.3503   3.565782   3.565843     2.4548    -0.1700     0.5719    34.0130 -9.990e-29 1.0000e-12 -9.990e-29     95.241    34.0152    34.0180     5.8690    1484.16    26.4490    26.4516 0.0000e+00
     97.000     8.4827     8.4732   3.581439   3.581119     2.4501    -0.1791     0.5629    34.0500 -9.990e-29 1.0000e-12 -9.990e-29     96.232    34.0548    34.0606     5.8009    1484.71    26.4603    26.4663 0.0000e+00
     98.000     8.5366     8.5364   3.587892   3.588151     2.4418    -0.1642     0.5892    34.0639 -9.990e-29 1.0000e-12 -9.990e-29     97.224    34.0706    34.0734     5.7509    1484.95    26.4644    26.4666 0.0000e+00
     99.000     8.5993     8.5990   3.595547   3.595644     2.4314    -0.1518     0.6089    34.0829 -9.990e-29 1.0000e-12 -9.990e-29     98.216    34.0904    34.0917     5.7145    1485.22    26.4703    26.4714 0.0000e+00
    100.000     8.6519     8.6525   3.601867   3.601982     2.4208    -0.1562     0.6255    34.0978 -9.990e-29 1.0000e-12 -9.990e-29     99.208    34.1058    34.1064     5.6873    1485.45    26.4742    26.4746 0.0000e+00
    101.000     8.6108     8.6089   3.597081   3.597448     2.4222    -0.1826     0.6098    34.0889 -9.990e-29 1.0000e-12 -9.990e-29    100.200    34.0945    34.1002     5.7393    1485.30    26.4717    26.4765 0.0000e+00
    102.000     8.6588     8.6667   3.603143   3.604536     2.4323    -0.1789     0.5960    34.1063 -9.990e-29 1.0000e-12 -9.990e-29    101.192    34.1116    34.1187     5.7785    1485.52    26.4778    26.4821 0.0000e+00
    103.000     8.7584     8.7601   3.616043   3.616875     2.4332    -0.1789     0.6258    34.1423 -9.990e-29 1.0000e-12 -9.990e-29    102.183    34.1509    34.1579     5.7628    1485.95    26.4930    26.4982 0.0000e+00
    104.000     8.9102     8.9081   3.634936   3.635393     2.4318    -0.1676     0.6177    34.1906 -9.990e-29 1.0000e-12 -9.990e-29    103.175    34.2023    34.2091     5.7344    1486.60    26.5094    26.5151 0.0000e+00
    105.000     8.8765     8.8115   3.630506   3.623079     2.4241    -0.1592     0.6201    34.1800 -9.990e-29 1.0000e-12 -9.990e-29    104.167    34.1876    34.1719     5.7317    1486.47    26.5031    26.5008 0.0000e+00
    106.000     8.8976     8.9103   3.634855   3.637584     2.4335    -0.1426     0.6193    34.2068 -9.990e-29 1.0000e-12 -9.990e-29    105.159    34.2121    34.2284     5.8053    1486.59    26.5189    26.5296 0.0000e+00
    107.000     9.4884     9.4875   3.708295   3.708552     2.4447    -0.1601     0.6086    34.3893 -9.990e-29 1.0000e-12 -9.990e-29    106.151    34.4083    34.4118     5.6945    1489.02    26.5776    26.5804 0.0000e+00
    108.000     9.6490     9.6527   3.727781   3.728290     2.4403    -0.1629     0.5332    34.4349 -9.990e-29 1.0000e-12 -9.990e-29    107.142    34.4546    34.4563     5.6467    1489.68    26.5872    26.5879 0.0000e+00
    109.000     9.7630     9.7653   3.742594   3.743282     2.4380    -0.1786     0.5338    34.4775 -9.990e-29 1.0000e-12 -9.990e-29    108.134    34.4972    34.5021     5.6246    1490.16    26.6014    26.6049 0.0000e+00
    110.000    10.0697    10.0689   3.781815   3.782539     2.4306    -0.1789     0.5442    34.5803 -9.990e-29 1.0000e-12 -9.990e-29    109.126    34.6045    34.6126     5.5305    1491.41    26.6333    26.6397 0.0000e+00
    111.000    10.3648    10.3919   3.819803   3.825232     2.4121    -0.1860     0.5492    34.6803 -9.990e-29 1.0000e-12 -9.990e-29    110.118    34.7080    34.7369     5.3836    1492.61    26.6632    26.6809 0.0000e+00
    112.000    10.5930    10.9029   3.852801   3.897908     2.4024    -0.2245     0.5437    34.7975 -9.990e-29 1.0000e-12 -9.990e-29    111.110    34.8227    34.9803     5.3590    1493.57    26.7125    26.7800 0.0000e+00
    113.000    11.4510    11.4764   3.962157   3.965488     2.3715    -0.2418     0.5638    35.0596 -9.990e-29 1.0000e-12 -9.990e-29    112.101    35.0975    35.1065     5.0423    1496.92    26.7711    26.7734 0.0000e+00
    114.000    11.5409    11.5498   3.972734   3.973528     2.3180    -0.2624     0.6508    35.0804 -9.990e-29 1.0000e-12 -9.990e-29    113.093    35.1165    35.1159     4.9072    1497.27    26.7693    26.7672 0.0000e+00
    115.000    11.5551    11.5581   3.974553   3.974566     2.2728    -0.2491     0.7084    35.0917 -9.990e-29 1.0000e-12 -9.990e-29    114.085    35.1205    35.1178     4.8649    1497.34    26.7698    26.7671 0.0000e+00
    116.000    11.5804    11.5715   3.977668   3.976219     2.2561    -0.2531     0.7431    35.1028 -9.990e-29 1.0000e-12 -9.990e-29    115.077    35.1268    35.1210     4.8515    1497.45    26.7700    26.7671 0.0000e+00
    117.000    11.5925    11.5948   3.978819   3.978750     2.2449    -0.2515     0.7702    35.1082 -9.990e-29 1.0000e-12 -9.990e-29    116.068    35.1263    35.1234     4.8448    1497.51    26.7673    26.7646 0.0000e+00
    118.000    11.5979    11.6011   3.979186   3.979173     2.2412    -0.2604     0.8173    35.1149 -9.990e-29 1.0000e-12 -9.990e-29    117.060    35.1243    35.1212     4.8423    1497.54    26.7648    26.7618 0.0000e+00
    119.000    11.5970    11.6032   3.978925   3.979413     2.2399    -0.2710     0.8582    35.1156 -9.990e-29 1.0000e-12 -9.990e-29    118.052    35.1222    35.1211     4.8407    1497.55    26.7633    26.7613 0.0000e+00
    120.000    11.5985    11.6082   3.979169   3.980151     2.2393    -0.2574     0.8433    35.1173 -9.990e-29 1.0000e-12 -9.990e-29    119.044    35.1227    35.1232     4.8397    1497.58    26.7635    26.7620 0.0000e+00
    121.000    11.5698    11.5840   3.975755   3.976953     2.2412    -0.2460     0.8385    35.1148 -9.990e-29 1.0000e-12 -9.990e-29    120.035    35.1157    35.1142     4.8489    1497.49    26.7634    26.7596 0.0000e+00
