data/seabird_load.cnv
* Sea-Bird SBE 9 Data File:
# nquan = 20
# nvalues = 126                         
# units = specified
# name 0 = prDM: Pressure, Digiquartz [db]
# name 1 = t090C: Temperature [ITS-90, deg C]
# name 2 = t190C: Temperature, 2 [ITS-90, deg C]
# name 3 = c0S/m: Conductivity [S/m]
# name 4 = c1S/m: Conductivity, 2 [S/m]
# name 5 = sbeox0V: Oxygen raw, SBE 43 [V]
# name 6 = flECO-AFL: Fluorescence, WET Labs ECO-AFL/FL [mg/m^3]
# name 7 = turbWETntu0: Turbidity, WET Labs ECO [NTU]
# name 8 = sal00: Salinity, Practical [PSU]
# name 9 = spar: SPAR, Biospherical/Licor
# name 10 = par: PAR/Irradiance, Biospherical/Licor
# name 11 = cpar: CPAR/Corrected Irradiance [%]
# name 12 = depSM: Depth [salt water, m], lat = 40.141
# name 13 = sal00: Salinity, Practical [PSU]
# name 14 = sal11: Salinity, Practical, 2 [PSU]
# name 15 = sbeox0ML/L: Oxygen, SBE 43 [ml/l], WS = 2
# name 16 = svCM: Sound Velocity [Chen-Millero, m/s]
# name 17 = sigma-é00: Density [sigma-theta, kg/m^3]
# name 18 = sigma-é11: Density, 2 [sigma-theta, kg/m^3]
# name 19 = flag: flag
# span 0 =      3.000,    128.000       
# span 1 =     7.7557,    12.7288       
# span 2 =     7.7572,    12.7300       
# span 3 =   3.458536,   4.126770       
# span 4 =   3.458670,   4.126491       
# span 5 =     2.2580,     2.7756       
# span 6 =    -0.3340,     1.4252       
# span 7 =     0.4007,     0.5580       
# span 8 =    33.3665,    35.4921       
# span 9 = 0.0000e+00, 0.0000e+00       
# span 10 = -2.028e-05, 1.1895e+00      
# span 11 = -5.248e-03, 5.2865e+01      
# span 12 =      2.977,    126.978      
# span 13 =    33.3662,    35.4935      
# span 14 =    33.3667,    35.4894      
# span 15 =     4.7609,     6.8735      
# span 16 =    1480.09,    1501.91      
# span 17 =    25.9506,    26.8359      
# span 18 =    25.9509,    26.8328      
# span 19 = 0.0000e+00, 0.0000e+00      
# interval = decibars: 1                
# start_time = Apr 27 2018 01:53:55 [NMEA time, header]
# bad_flag = -9.990e-29
*END*
      3.000     8.2738     8.2746   3.493425   3.493550     2.7741     1.1540     0.4288    33.3666 -9.990e-29 1.0538e+00 4.6952e+01      2.977    33.3666    33.3672     6.8136    1481.54    25.9506    25.9509 0.0000e+00
      4.000     8.2725     8.2734   3.493361   3.493472     2.7741     1.2299     0.4448    33.3667 -9.990e-29 1.1895e+00 5.2865e+01      3.969    33.3667    33.3670     6.8118    1481.55    25.9509    25.9510 0.0000e+00
      5.000     8.2713     8.2722   3.493298   3.493378     2.7756     1.2029     0.4451    33.3667 -9.990e-29 9.9355e-01 4.4205e+01      4.962    33.3666    33.3667     6.8134    1481.56    25.9511    25.9510 0.0000e+00
      6.000     8.2714     8.2724   3.493344   3.493442     2.7742     1.2725     0.4487    33.3667 -9.990e-29 7.5778e-01 3.3764e+01      5.954    33.3666    33.3667     6.8131    1481.57    25.9511    25.9510 0.0000e+00
      7.000     8.2717     8.2729   3.493431   3.493551     2.7732     1.2003     0.4471    33.3667 -9.990e-29 5.6724e-01 2.5260e+01      6.946    33.3667    33.3669     6.8094    1481.59    25.9511    25.9510 0.0000e+00
      8.000     8.2723     8.2731   3.493529   3.493610     2.7730     1.2218     0.4576    33.3668 -9.990e-29 4.5849e-01 2.0443e+01      7.938    33.3668    33.3669     6.8104    1481.61    25.9511    25.9511 0.0000e+00
      9.000     8.2723     8.2733   3.493594   3.493683     2.7720     1.2263     0.4459    33.3670 -9.990e-29 3.7269e-01 1.6584e+01      8.931    33.3670    33.3670     6.8081    1481.63    25.9513    25.9512 0.0000e+00
     10.000     8.2707     8.2706   3.493504   3.493481     2.7727     1.2177     0.4479    33.3671 -9.990e-29 3.3284e-01 1.4798e+01      9.923    33.3670    33.3669     6.8192    1481.64    25.9516    25.9515 0.0000e+00
     11.000     8.2680     8.2696   3.493307   3.493468     2.7730     1.1871     0.4406    33.3672 -9.990e-29 1.4278e-01 6.3634e+00     10.915    33.3671    33.3673     6.8019    1481.64    25.9521    25.9520 0.0000e+00
     12.000     8.2595     8.2557   3.492501   3.492318     2.7712     1.2058     0.4981    33.3665 -9.990e-29 1.0768e-01 4.7879e+00     11.908    33.3662    33.3678     6.8040    1481.63    25.9526    25.9544 0.0000e+00
