data/seabird_load_infer_bug.cnv
* Sea-Bird SBE 9 Data File:
* FileName = D:\Data\ar29134.hex
* Software Version Seasave V 7.23.2
* Temperature SN = 4230
* Conductivity SN = 2148
* Number of Bytes Per Scan = 44
* Number of Voltage Words = 5
* Number of Scans Averaged by the Deck Unit = 1
* NMEA Latitude = 40 12.35 N
* NMEA Longitude = 070 49.73 W
* NMEA UTC (Time) = Apr 27 2018  01:06:29
** Cruise ID: ar29
** Chief Sci: D. McGillicuddy
** Station ID: A9
# nquan = 20
# nvalues = 119                         
# units = specified
# name 0 = prDM: Pressure, Digiquartz [db]
# name 1 = t090C: Temperature [ITS-90, deg C]
# name 2 = t190C: Temperature, 2 [ITS-90, deg C]
# name 3 = c0S/m: Conductivity [S/m]
# name 4 = c1S/m: Conductivity, 2 [S/m]
# name 5 = sbeox0V: Oxygen raw, SBE 43 [V]
# name 6 = flECO-AFL: Fluorescence, WET Labs ECO-AFL/FL [mg/m^3]
# name 7 = turbWETntu0: Turbidity, WET Labs ECO [NTU]
# name 8 = sal00: Salinity, Practical [PSU]
# name 9 = spar: SPAR, Biospherical/Licor
# name 10 = par: PAR/Irradiance, Biospherical/Licor
# name 11 = cpar: CPAR/Corrected Irradiance [%]
# name 12 = depSM: Depth [salt water, m], lat = 40.2058
# name 13 = sal00: Salinity, Practical [PSU]
# name 14 = sal11: Salinity, Practical, 2 [PSU]
# name 15 = sbeox0ML/L: Oxygen, SBE 43 [ml/l], WS = 2
# name 16 = svCM: Sound Velocity [Chen-Millero, m/s]
# name 17 = sigma-é00: Density [sigma-theta, kg/m^3]
# name 18 = sigma-é11: Density, 2 [sigma-theta, kg/m^3]
# name 19 = flag: flag
# span 0 =      3.000,    121.000       
# span 1 =     6.9189,    11.5985       
# span 2 =     6.9200,    11.6082       
# span 3 =   3.366928,   3.979186       
# span 4 =   3.367003,   3.980151       
# span 5 =     2.2393,     2.7372       
# span 6 =    -0.2710,     0.5451       
# span 7 =     0.4143,     0.8582       
# span 8 =    33.2274,    35.1173       
# span 9 = 0.0000e+00, 0.0000e+00       
# span 10 = -3.910e-03, 1.6557e+00      
# span 11 = 4.4499e-11, 7.4352e+01      
# span 12 =      2.977,    120.035      
# span 13 =    33.2275,    35.1268      
# span 14 =    33.2272,    35.1234      
# span 15 =     4.8397,     6.7834      
# span 16 =    1476.62,    1497.58      
# span 17 =    25.9051,    26.7711      
# span 18 =    25.9045,    26.7800      
# span 19 = 0.0000e+00, 0.0000e+00      
# interval = decibars: 1                
# start_time = Apr 27 2018 01:06:29 [NMEA time, header]
# bad_flag = -9.990e-29
*END*
      3.000     7.8407     7.8438   3.441755   3.442005     2.7372     0.4723     0.4430    33.2274 -9.990e-29 1.6557e+00 7.4352e+01      2.977    33.2275    33.2272     6.7769    1479.72    25.9051    25.9045 0.0000e+00
      4.000     7.8297     7.8303   3.440929   3.440992     2.7366     0.4937     0.4374    33.2289 -9.990e-29 1.1645e+00 5.2039e+01      3.969    33.2287    33.2288     6.7767    1479.70    25.9076    25.9076 0.0000e+00
      5.000     7.8116     7.8115   3.439573   3.439503     2.7355     0.5096     0.4426    33.2312 -9.990e-29 1.0347e+00 4.5486e+01      4.962    33.2309    33.2303     6.7763    1479.65    25.9120    25.9116 0.0000e+00
      6.000     7.7914     7.7958   3.438036   3.438405     2.7347     0.5104     0.4560    33.2337 -9.990e-29 8.0918e-01 3.6230e+01      5.954    33.2332    33.2330     6.7783    1479.59    25.9167    25.9160 0.0000e+00
      7.000     7.7749     7.7795   3.436807   3.437135     2.7347     0.4721     0.4307    33.2359 -9.990e-29 5.6042e-01 2.4438e+01      6.946    33.2352    33.2344     6.7786    1479.55    25.9207    25.9194 0.0000e+00
      8.000     7.7707     7.7716   3.436563   3.436659     2.7337     0.4739 -9.990e-29    33.2368 -9.990e-29 5.0488e-01 2.2354e+01      7.938    33.2362    33.2363     6.7804    1479.55    25.9221    25.9221 0.0000e+00
      9.000     7.7705     7.7789   3.436567   3.437285     2.7337     0.4825 -9.990e-29    33.2364 -9.990e-29 3.8439e-01 1.7114e+01      8.931    33.2359    33.2356     6.7767    1479.56    25.9219    25.9205 0.0000e+00
     10.000     7.7642     7.7632   3.436141   3.436042     2.7315     0.5451     0.4368    33.2376 -9.990e-29 3.2764e-01 1.4582e+01      9.923    33.2369    33.2368     6.7612    1479.56    25.9236    25.9237 0.0000e+00
     11.000     7.7073     7.7132   3.431502   3.431909     2.7271     0.4665     0.4357    33.2430 -9.990e-29 2.6861e-01 1.1607e+01     10.915    33.2409    33.2397     6.7586    1479.36    25.9349    25.9331 0.0000e+00
     12.000     7.6863     7.6896   3.429888   3.430082     2.7254     0.4681     0.4266    33.2450 -9.990e-29 1.0373e-01 4.4898e+00     11.908    33.2431    33.2421     6.7724    1479.30    25.9397    25.9384 0.0000e+00
     13.000     7.6670     7.6709   3.428311   3.428506     2.7250     0.4819     0.4313    33.2457 -9.990e-29 1.4840e-02 6.6166e-01     12.900    33.2441    33.2424     6.7624    1479.24    25.9432    25.9414 0.0000e+00
     14.000     7.6467     7.6485   3.426503   3.426298     2.7213     0.4807     0.4311    33.2458 -9.990e-29 7.1417e-02 3.2345e+00     13.892    33.2435    33.2396     6.7478    1479.18    25.9457    25.9424 0.0000e+00
     15.000     7.5464     7.5500   3.418038   3.417897     2.7187     0.4622     0.4265    33.2525 -9.990e-29 7.3963e-02 3.2115e+00     14.884    33.2477    33.2428     6.7617    1478.82    25.9632    25.9589 0.0000e+00
     16.000     7.4722     7.4775   3.411851   3.411940     2.7164     0.4602     0.4225    33.2577 -9.990e-29 7.4198e-02 3.3000e+00     15.877    33.2515    33.2474     6.7721    1478.56    25.9767    25.9727 0.0000e+00
     17.000     7.3940     7.3984   3.405549   3.405693     2.7140     0.4398     0.4226    33.2649 -9.990e-29 7.2344e-02 3.7662e+00     16.869    33.2579    33.2552     6.7834    1478.28    25.9926    25.9899 0.0000e+00
     18.000     7.3161     7.3228   3.399069   3.399246     2.7044     0.4575     0.4266    33.2679 -9.990e-29 -3.910e-03 -9.990e-29     17.861    33.2619    33.2574     6.7476    1478.00    26.0066    26.0022 0.0000e+00
     19.000     7.2399     7.2438   3.392551   3.392515     2.7019     0.4380     0.4264    33.2718 -9.990e-29 1.0000e-12 -9.990e-29     18.853    33.2639    33.2597     6.7608    1477.73    26.0188    26.0149 0.0000e+00
     20.000     7.1520     7.1556   3.384993   3.384859     2.7006     0.3906     0.4264    33.2753 -9.990e-29 1.0000e-12 4.4499e-11     19.846    33.2658    33.2608     6.7744    1477.40    26.0323    26.0280 0.0000e+00
     21.000     7.0988     7.1005   3.380579   3.380550     2.6982     0.3757     0.4264    33.2784 -9.990e-29 2.9306e-04 1.3041e-02     20.838    33.2685    33.2665     6.7759    1477.22    26.0417    26.0399 0.0000e+00
     22.000     7.0307     7.0382   3.374685   3.374957     2.6933     0.3886     0.4201    33.2790 -9.990e-29 1.6542e-05 9.1626e-04     21.830    33.2693    33.2650     6.7738    1476.97    26.0517    26.0473 0.0000e+00
     23.000     6.9352     6.9388   3.366928   3.367003     2.6814     0.4046     0.4182    33.2838 -9.990e-29 -1.930e-07 -9.990e-29     22.822    33.2762    33.2735     6.7448    1476.63    26.0700    26.0674 0.0000e+00
     24.000     6.9252     6.9264   3.367483   3.367628     2.6779     0.3093     0.4264    33.2989 -9.990e-29 1.0000e-12 -9.990e-29     23.814    33.2915    33.2920     6.7356    1476.62    26.0834    26.0836 0.0000e+00
     25.000     6.9189     6.9200   3.367657   3.367832     2.6744     0.2734     0.4264    33.3056 -9.990e-29 1.0000e-12 -9.990e-29     24.806    33.2990    33.2999     6.7260    1476.62    26.0902    26.0907 0.0000e+00
     26.000     6.9409     6.9416   3.370623   3.370731     2.6702     0.2108     0.4189    33.3149 -9.990e-29 1.0000e-12 -9.990e-29     25.799    33.3097    33.3103     6.7086    1476.74    26.0957    26.0960 0.0000e+00
     27.000     6.9499     6.9509   3.373032   3.373171     2.6595     0.1749     0.4143    33.3302 -9.990e-29 1.0000e-12 -9.990e-29     26.791    33.3270    33.3275     6.6854    1476.81    26.1081    26.1084 0.0000e+00
     28.000     6.9524     6.9533   3.373787   3.373862     2.6517     0.1505     0.4148    33.3340 -9.990e-29 1.0000e-12 -9.990e-29     27.783    33.3323    33.3323     6.6719    1476.85    26.1120    26.1118 0.0000e+00
     29.000     6.9555     6.9565   3.374420   3.374592     2.6520     0.1217     0.4203    33.3371 -9.990e-29 1.0000e-12 -9.990e-29     28.775    33.3357    33.3367     6.6790    1476.88    26.1142    26.1149 0.0000e+00
     30.000     7.0022     7.0014   3.382449   3.382707     2.6505     0.1045     0.4327    33.3777 -9.990e-29 1.0000e-12 -9.990e-29     29.767    33.3780    33.3816     6.6389    1477.13    26.1412    26.1441 0.0000e+00
     31.000     7.0508     7.0528   3.389108   3.389387     2.6417     0.0576     0.4363    33.4018 -9.990e-29 1.0000e-12 -9.990e-29     30.760    33.4033    33.4044     6.5895    1477.36    26.1545    26.1552 0.0000e+00
     32.000     7.0990     7.0942   3.395531   3.394973     2.6300    -0.0177     0.4258    33.4241 -9.990e-29 1.0000e-12 -9.990e-29     31.752    33.4263    33.4248     6.5828    1477.60    26.1661    26.1656 0.0000e+00
     33.000     7.1310     7.1321   3.399908   3.400104     2.6298     0.0032     0.4381    33.4399 -9.990e-29 1.0000e-12 -9.990e-29     32.744    33.4425    33.4436     6.5695    1477.76    26.1745    26.1752 0.0000e+00
     34.000     7.1530     7.1535   3.403927   3.404189     2.6228     0.0385     0.4401    33.4623 -9.990e-29 1.0000e-12 -9.990e-29     33.736    33.4646    33.4669     6.5362    1477.89    26.1889    26.1906 0.0000e+00
     35.000     7.1881     7.1892   3.409376   3.409494     2.6166    -0.0110     0.4437    33.4867 -9.990e-29 1.0000e-12 -9.990e-29     34.728    33.4895    33.4897     6.4992    1478.07    26.2037    26.2037 0.0000e+00
     36.000     7.1830     7.1842   3.409400   3.409522     2.6083    -0.0128     0.4523    33.4922 -9.990e-29 1.0000e-12 -9.990e-29     35.720    33.4943    33.4944     6.4777    1478.07    26.2081    26.2080 0.0000e+00
     37.000     7.1743     7.1753   3.409337   3.409434     2.5983    -0.0028     0.4571    33.5002 -9.990e-29 1.0000e-12 -9.990e-29     36.713    33.5015    33.5016     6.4458    1478.06    26.2150    26.2150 0.0000e+00
     38.000     7.1796     7.1806   3.410513   3.410635     2.5890     0.0201     0.4685    33.5076 -9.990e-29 1.0000e-12 -9.990e-29     37.705    33.5088    33.5091     6.4221    1478.11    26.2200    26.2202 0.0000e+00
     39.000     7.1787     7.1799   3.411131   3.411308     2.5819    -0.0180     0.4751    33.5151 -9.990e-29 1.0000e-12 -9.990e-29     38.697    33.5159    33.5167     6.4108    1478.13    26.2258    26.2262 0.0000e+00
     40.000     7.1769     7.1780   3.411438   3.411558     2.5756    -0.0144     0.4833    33.5200 -9.990e-29 1.0000e-12 -9.990e-29     39.689    33.5205    33.5207     6.3902    1478.15    26.2297    26.2297 0.0000e+00
     41.000     7.1803     7.1816   3.412832   3.413006     2.5712    -0.0227     0.4876    33.5314 -9.990e-29 1.0000e-12 -9.990e-29     40.681    33.5319    33.5326     6.3809    1478.19    26.2382    26.2385 0.0000e+00
     42.000     7.2132     7.2150   3.417672   3.417909     2.5686    -0.0006     0.5053    33.5510 -9.990e-29 1.0000e-12 -9.990e-29     41.673    33.5523    33.5531     6.3737    1478.36    26.2497    26.2501 0.0000e+00
     43.000     7.2786     7.2796   3.426135   3.426273     2.5688    -0.0326     0.4990    33.5778 -9.990e-29 1.0000e-12 -9.990e-29     42.665    33.5804    33.5809     6.3726    1478.66    26.2628    26.2630 0.0000e+00
     44.000     7.2977     7.2991   3.428460   3.428629     2.5690     0.0516     0.4960    33.5840 -9.990e-29 1.0000e-12 -9.990e-29     43.657    33.5867    33.5872     6.3694    1478.76    26.2651    26.2652 0.0000e+00
     45.000     7.3019     7.3025   3.428990   3.429032     2.5705    -0.0449     0.4929    33.5859 -9.990e-29 1.0000e-12 -9.990e-29     44.650    33.5879    33.5877     6.3734    1478.79    26.2654    26.2652 0.0000e+00
     46.000     7.3037     7.3049   3.429236   3.429372     2.5708    -0.0709     0.5077    33.5868 -9.990e-29 1.0000e-12 -9.990e-29     45.642    33.5883    33.5887     6.3713    1478.82    26.2655    26.2657 0.0000e+00
     47.000     7.3051     7.3068   3.429419   3.429606     2.5702    -0.0808     0.4970    33.5872 -9.990e-29 1.0000e-12 -9.990e-29     46.634    33.5885    33.5888     6.3702    1478.84    26.2655    26.2655 0.0000e+00
     48.000     7.3090     7.3101   3.429898   3.430012     2.5690    -0.0711     0.4882    33.5886 -9.990e-29 1.0000e-12 -9.990e-29     47.626    33.5895    33.5896     6.3702    1478.87    26.2657    26.2657 0.0000e+00
     49.000     7.3163     7.3174   3.430888   3.431062     2.5701    -0.0820     0.4932    33.5916 -9.990e-29 1.0000e-12 -9.990e-29     48.618    33.5926    33.5934     6.3781    1478.92    26.2672    26.2677 0.0000e+00
     50.000     7.3466     7.3473   3.434830   3.435148     2.5710    -0.0898     0.5016    33.6038 -9.990e-29 1.0000e-12 -9.990e-29     49.610    33.6055    33.6083     6.3621    1479.07    26.2732    26.2753 0.0000e+00
     51.000     7.4130     7.4143   3.443022   3.443228     2.5633    -0.0780     0.5086    33.6266 -9.990e-29 1.0000e-12 -9.990e-29     50.602    33.6295    33.6305     6.3076    1479.37    26.2827    26.2833 0.0000e+00
     52.000     7.4294     7.4307   3.444973   3.445110     2.5476    -0.1027     0.4976    33.6326 -9.990e-29 1.0000e-12 -9.990e-29     51.594    33.6343    33.6345     6.2789    1479.46    26.2842    26.2842 0.0000e+00
     53.000     7.4455     7.4457   3.447124   3.447234     2.5469    -0.1008     0.4952    33.6395 -9.990e-29 1.0000e-12 -9.990e-29     52.586    33.6416    33.6425     6.2703    1479.55    26.2877    26.2883 0.0000e+00
     54.000     7.4631     7.4640   3.449480   3.449669     2.5452    -0.1019     0.5092    33.6473 -9.990e-29 1.0000e-12 -9.990e-29     53.578    33.6495    33.6506     6.2575    1479.64    26.2914    26.2922 0.0000e+00
     55.000     7.4689     7.4703   3.450251   3.450412     2.5424    -0.1008     0.5128    33.6495 -9.990e-29 1.0000e-12 -9.990e-29     54.570    33.6517    33.6522     6.2471    1479.68    26.2923    26.2925 0.0000e+00
     56.000     7.4771     7.4791   3.451390   3.451667     2.5384    -0.0872     0.5070    33.6537 -9.990e-29 1.0000e-12 -9.990e-29     55.562    33.6557    33.6567     6.2400    1479.73    26.2943    26.2949 0.0000e+00
     57.000     7.5049     7.5082   3.455026   3.455454     2.5354    -0.0934     0.5142    33.6659 -9.990e-29 1.0000e-12 -9.990e-29     56.554    33.6676    33.6690     6.2464    1479.87    26.2997    26.3004 0.0000e+00
     58.000     7.5270     7.5286   3.457793   3.457980     2.5407    -0.0929     0.5302    33.6736 -9.990e-29 1.0000e-12 -9.990e-29     57.546    33.6756    33.6761     6.2778    1479.98    26.3029    26.3031 0.0000e+00
     59.000     7.5431     7.5436   3.459760   3.459817     2.5486    -0.0602     0.5274    33.6788 -9.990e-29 1.0000e-12 -9.990e-29     58.539    33.6808    33.6809     6.3053    1480.07    26.3048    26.3047 0.0000e+00
     60.000     7.5468     7.5477   3.460287   3.460374     2.5544    -0.0598     0.5057    33.6807 -9.990e-29 1.0000e-12 -9.990e-29     59.530    33.6824    33.6825     6.3130    1480.10    26.3055    26.3054 0.0000e+00
     61.000     7.5493     7.5502   3.460692   3.460754     2.5584    -0.0828     0.4878    33.6824 -9.990e-29 1.0000e-12 -9.990e-29     60.523    33.6839    33.6836     6.3172    1480.13    26.3063    26.3060 0.0000e+00
     62.000     7.5493     7.5505   3.460749   3.460839     2.5618    -0.0528     0.5099    33.6831 -9.990e-29 1.0000e-12 -9.990e-29     61.515    33.6841    33.6839     6.3171    1480.15    26.3065    26.3062 0.0000e+00
     63.000     7.5496     7.5507   3.461030   3.461119     2.5607    -0.0828     0.5070    33.6856 -9.990e-29 1.0000e-12 -9.990e-29     62.507    33.6863    33.6861     6.3089    1480.17    26.3082    26.3079 0.0000e+00
     64.000     7.5582     7.5590   3.462614   3.462737     2.5580    -0.0811     0.4917    33.6939 -9.990e-29 1.0000e-12 -9.990e-29     63.499    33.6946    33.6952     6.2878    1480.22    26.3136    26.3139 0.0000e+00
     65.000     7.5706     7.5715   3.464832   3.464945     2.5522    -0.0955     0.4983    33.7051 -9.990e-29 1.0000e-12 -9.990e-29     64.491    33.7061    33.7065     6.2527    1480.30    26.3208    26.3210 0.0000e+00
     66.000     7.5805     7.5818   3.466474   3.466624     2.5443    -0.1276     0.4969    33.7126 -9.990e-29 1.0000e-12 -9.990e-29     65.483    33.7137    33.7141     6.2321    1480.37    26.3254    26.3255 0.0000e+00
     67.000     7.6084     7.6095   3.470281   3.470401     2.5353    -0.0969     0.5126    33.7259 -9.990e-29 1.0000e-12 -9.990e-29     66.475    33.7273    33.7275     6.2111    1480.51    26.3321    26.3321 0.0000e+00
     68.000     7.6243     7.6254   3.472573   3.472666     2.5291    -0.1041     0.5366    33.7347 -9.990e-29 1.0000e-12 -9.990e-29     67.467    33.7361    33.7361     6.1983    1480.59    26.3368    26.3366 0.0000e+00
     69.000     7.6410     7.6424   3.474753   3.474913     2.5290    -0.1304     0.5234    33.7415 -9.990e-29 1.0000e-12 -9.990e-29     68.459    33.7430    33.7434     6.2124    1480.68    26.3398    26.3399 0.0000e+00
     70.000     7.7495     7.7474   3.488975   3.489093     2.5333    -0.1200     0.5127    33.7868 -9.990e-29 1.0000e-12 -9.990e-29     69.451    33.7906    33.7939     6.2130    1481.17    26.3616    26.3645 0.0000e+00
     71.000     7.7993     7.7996   3.495290   3.495226     2.5346    -0.1563     0.5055    33.8050 -9.990e-29 1.0000e-12 -9.990e-29     70.443    33.8097    33.8087     6.2017    1481.40    26.3695    26.3686 0.0000e+00
     72.000     7.8299     7.8303   3.498903   3.498943     2.5344    -0.1300     0.5193    33.8133 -9.990e-29 1.0000e-12 -9.990e-29     71.435    33.8184    33.8184     6.1876    1481.55    26.3718    26.3718 0.0000e+00
     73.000     7.8439     7.8462   3.500709   3.500962     2.5326    -0.1163     0.5071    33.8193 -9.990e-29 1.0000e-12 -9.990e-29     72.427    33.8237    33.8243     6.1810    1481.62    26.3740    26.3741 0.0000e+00
     74.000     7.8606     7.8591   3.502696   3.502494     2.5310    -0.1256     0.5342    33.8255 -9.990e-29 1.0000e-12 -9.990e-29     73.418    33.8284    33.8277     6.1782    1481.71    26.3752    26.3749 0.0000e+00
